107.934
511
511
511
511
293.342
511
511
511
511
148.346
511
511
511
511
511
511
511
96.554
511
511
511
511
511
511
511
511
511
511
168.527
511
511
511
0
511
511
511
511
14.9762
511
215.571
511
511
253.618
511
511
265.423
511
511
511
511
511
281.543
511
511
511
511
511
511
511
511
511
511
511
511
511
511
38.6987
511
31.483
119.62
511
511
511
511
511
511
511
511
511
511
511
511
511
511
511
511
511
76.9717
511
511
228.145
511
511
511
110.625
511
168.628
330.965
223.521
222.063
511
511
511
511
511
511
511
511
511
511
511
511
511
511
511
511
511
511
511
511
511
511
511
511
244.004
511
177.558
339.794
163.271
511
511
511
511
511
511
511
511
511
119.748
511
511
511
511
511
511
511
511
511
511
511
250.426
511
511
511
511
331.778
328.562
511
511
511
511
511
228.976
511
511
511
511
218.64
511
511
511
511
511
511
161.445
511
511
295.53
511
5.93317
511
511
511
235.109
511
511
511
511
235.713
511
511
336.646
511
511
511
511
511
511
511
511
282.732
275.132
511
511
511
226.898
511
511
511
511
291.259
511
511
511
511
511
511
511
511
511
511
511
511
511
142.872
511
511
511
511
511
511
303.122
511
511
511
511
298.602
511
511
511
98.8587
511
111.197
511
511
108.525
511
511
511
511
511
511
511
511
511
511
311.489
224.649
204.684
511
511
511
511
511
511
511
511
205.996
511
511
511
313.167
511
511
511
511
511
511
511
511
511
0
511
511
511
511
511
181.027
511
511
511
511
511
511
511
511
141.223
511
316.955
511
511
511
511
511
284.592
511
511
139.535
511
511
511
511
511
511
511
511
283.545
511
511
511
511
511
511
511
511
155.779
511
511
174.542
511
511
511
297.003
511
511
293.926
511
511
511
328.463
511
511
511
511
511
511
511
511
511
511
511
511
511
511
357.886
511
511
511
511
511
226.178
511
511
295.446
101.891
511
511
511
511
511
511
511
511
511
511
511
155.943
511
511
511
107.87
511
511
511
511
511
511
511
511
212.958
511
148.227
511
220.843
136.585
114.063
511
511
511
511
236.946
511
511
511
0
511
511
511
511
511
511
269.713
151.333
511
511
511
511
274.243
274.256
511
511
511
511
511
511
511
511
511
511
511
511
511
188.297
511
511
511
137.975
511
511
59.9944
511
511
511
511
511
511
511
511
511
511
511
511
511
197.516
511
0
511
511
511
312.599
160.264
323.751
511
511
511
511
511
511
511
114.98
511
511
511
511
197.164
161.588
511
511
307.897
333.81
511
511
511
0
511
511
511
334.414
511
511
511
166.05
511
289.761
254.808
511
511
511
511
511
79.6812
511
337.216
511
511
206.066
511
511
511
511
511
511
511
164.958
290.426
511
511
511
316.974
511
511
31.4923
511
511
511
511
511
511
511
511
511
511
511
511
511
511
511
69.0007
511
200.016
511
511
511
511
511
511
307.893
511
511
511
511
511
511
511
302.386
511
511
511
511
511
120.282
192.846
511
336.496
511
511
193.766
511
511
511
511
511
511
511
511
148.525
511
511
511
511
511
150.8
511
511
511
511
71.814
186.04
511
511
511
511
511
511
511
511
511
511
511
511
511
511
511
511
511
511
511
511
511
511
511
511
511
511
511
511
511
99.0727
511
331.041
511
222.388
67.4341
511
511
511
511
511
511
511
511
511
114.021
511
76.3637
511
293.781
340.47
89.4625
511
511
511
511
511
511
511
329.802
511
511
511
511
511
511
299.356
60.2906
511
511
511
511
511
511
511
511
511
511
511
511
511
511
511
511
201.897
511
324.107
511
511
511
511
511
193.278
511
511
511
511
81.5413
511
511
511
511
511
511
511
235.157
511
511
511
511
511
511
511
511
226.36
511
511
511
511
511
167.829
163.74
205.238
511
511
511
511
44.5488
511
511
511
87.8056
511
511
511
511
511
511
511
511
511
511
511
215.082
229.809
511
511
511
511
511
511
511
511
225.36
511
511
511
511
511
511
511
511
511
511
511
511
511
511
511
511
511
326.841
511
511
511
162.109
511
511
511
511
511
511
511
511
109.265
511
511
511
46.0355
268.367
169.583
511
511
511
511
511
511
511
511
511
511
201.409
511
511
511
511
169.512
312.762
511
231.291
276.838
511
511
270.081
511
511
511
511
511
246.231
511
511
511
511
511
511
511
511
511
511
511
511
511
293.629
511
511
511
511
511
511
286.022
511
511
511
511
511
511
511
511
511
511
511
511
151.713
511
511
511
511
114.614
511
318.802
511
511
511
511
511
511
511
511
511
511
154.962
241.462
511
257.608
511
511
166.537
511
511
511
283.998
511
511
44.3419
511
511
511
511
511
338.105
38.5325
511
511
112.078
511
511
234.578
511
511
511
511
511
149.596
511
212.132
511
171.769
511
511
195.433
0
511
511
511
511
511
286
511
511
205.011
511
309.355
511
511
511
511
511
511
511
511
511
511
126.457
511
511
511
511
511
511
511
511
511
235.978
511
511
511
511
511
511
511
511
511
511
511
511
156.101
511
511
511
511
511
511
511
511
511
511
511
287.795
0
511
511
511
511
511
152.254
511
511
511
88.2107
511
511
511
219.339
511
511
511
7.17857
511
511
511
511
259.452
511
131.468
270.214
511
511
511
511
65.8276
511
511
511
511
511
511
511
511
511
511
511
511
511
511
511
511
511
511
511
511
511
511
511
511
276.096
511
511
511
511
511
511
511
511
511
279.728
511
511
511
511
511
511
0
201.115
511
511
312.596
511
511
511
156.513
301.595
511
511
185.101
511
511
511
511
511
511
511
511
511
511
511
336.313
511
234.063
511
235.779
511
511
511
192.095
511
511
511
511
511
511
511
129.403
317.73
219.013
511
511
511
511
511
511
511
511
511
511
511
184.077
511
177.691
511
511
511
269.977
511
511
256.248
511
511
511
511
511
511
511
511
511
511
511
511
374.008
511
200.728
136.146
511
511
511
511
511
511
187.648
131.372
511
511
511
511
511
511
511
511
511
511
511
511
511
511
511
511
105.794
511
511
511
511
511
511
183.334
511
511
511
204.066
511
511
223.566
339.19
240.043
511
511
106.984
511
511
511
511
511
323.747
511
511
511
511
511
511
511
511
0
511
279.192
511
220.591
218.508
511
511
511
511
511
511
318.368
511
511
511
107.874
511
196.063
511
511
38.6521
511
511
511
511
511
193.097
173.231
511
511
511
511
511
511
511
270.728
39.9
511
198.518
511
176.57
511
81.9319
87.8302
511
511
511
511
511
511
511
511
511
59.0292
511
65.0675
511
511
294.334
114.971
511
511
511
511
511
159.834
511
511
53.9931
511
511
148.591
511
511
511
511
511
511
511
511
511
511
511
20.9657
511
511
511
511
511
281.154
511
511
511
511
337.956
291.797
511
511
511
511
511
511
511
511
511
511
511
511
511
511
511
511
511
511
511
154.143
192.636
511
511
110.886
511
511
511
511
114.045
511
511
511
185.161
321.378
511
511
305.592
511
511
511
511
511
325.634
511
511
511
511
306.929
511
511
511
511
511
511
511
269.907
511
511
511
511
511
511
511
511
511
511
511
511
511
511
511
511
108.834
511
511
511
140.549
511
511
225.07
511
273.381
511
334.465
240.151
511
511
511
511
511
511
511
511
511
258.43
511
511
511
511
301.645
274.003
511
511
511
511
511
511
511
511
511
205.353
511
511
511
511
511
174.662
511
511
511
511
511
511
511
38.1647
511
511
511
511
511
511
511
511
511
319.073
511
511
511
306.169
511
511
218.964
511
511
511
511
64.127
170.464
511
511
247.754
511
511
511
511
205.643
511
511
511
511
511
511
511
511
63.7359
511
511
511
511
511
511
511
161.049
511
511
511
511
511
511
511
511
511
511
511
511
194.499
511
511
511
511
511
511
511
186.086
511
511
511
145.44
511
208.325
511
511
38.4472
511
511
511
511
511
275.108
511
143.816
511
511
511
215.283
234.304
511
325.812
207.611
511
511
511
251.354
269.49
310.778
135.432
511
511
511
511
310.315
511
511
511
511
511
183.894
511
335.72
511
511
70.9929
511
321.235
196.743
511
511
326.712
511
511
308.745
511
511
71.5333
511
511
44.8562
221.595
511
511
511
511
511
511
227.707
511
511
511
511
511
234.161
511
511
511
511
511
511
511
511
511
511
511
511
314.66
511
117.128
290.146
338.252
511
511
511
0
511
511
511
511
192.126
511
511
511
511
511
511
511
511
511
511
511
511
511
511
511
511
511
239.74
511
511
511
511
511
511
511
511
511
511
511
511
511
511
511
511
511
511
511
511
511
227.326
511
511
511
511
511
511
192.217
511
511
511
262.703
511
219.31
511
511
511
511
511
511
511
511
511
305.392
511
511
511
511
511
511
511
511
511
322.308
511
85.6297
511
511
271.953
316.491
511
511
511
127.791
511
250.84
36.8614
511
511
511
511
511
511
511
511
511
511
511
511
110.337
167.863
511
511
511
511
217.523
511
511
511
49.2257
511
511
200.291
511
511
511
511
511
511
511
511
511
511
78.2466
63.3244
292.794
511
511
511
511
511
208.301
511
511
511
30.7816
143.749
511
511
511
511
511
511
511
511
511
511
511
511
511
47.371
217.78
511
29.9443
511
511
511
511
511
511
511
511
511
511
511
511
511
511
511
183.209
511
511
266.641
511
511
511
277.912
511
139.302
511
511
511
511
511
511
292.539
511
511
511
511
511
511
511
324.74
511
511
511
511
511
511
164.613
511
511
511
137.755
511
511
511
511
511
511
511
511
511
511
511
511
511
511
511
314.122
157.267
511
320.57
511
511
511
511
511
511
511
511
511
511
511
3.20824
511
511
511
171.443
280.993
179.858
511
511
95.6709
511
511
511
511
339.71
511
99.2654
511
511
511
511
511
511
239.748
511
511
223.372
511
232.388
290.193
511
87.2917
511
511
511
511
511
312.742
511
511
511
511
511
511
511
511
511
332.609
511
511
511
511
511
511
511
511
511
511
511
95.7301
511
114.902
511
311.106
511
511
511
8.91106
511
511
336.695
92.3914
511
511
160.244
324.957
511
511
261.404
511
511
511
511
511
511
511
511
66.5128
511
146.739
511
335.562
262.288
511
511
511
511
511
511
511
511
511
511
511
511
511
511
58.1594
166.581
511
511
511
201.665
305.445
511
511
511
511
511
511
511
511
129.524
511
511
20.6224
90.9358
511
60.4256
511
192.098
511
511
511
511
511
511
511
511
511
159.932
511
511
308.971
511
511
511
511
162.507
511
511
511
50.4914
307.576
511
221.084
511
238.586
133.759
511
511
511
511
511
511
511
511
511
266.178
511
146.266
511
511
511
511
511
313.942
511
511
511
511
511
225.751
511
511
511
511
511
248.804
511
511
511
511
511
511
511
511
209.994
511
511
511
313.668
284.611
135.137
511
511
511
511
511
138.107
511
511
183.356
511
511
511
511
511
511
511
511
511
511
153.288
511
511
511
511
511
511
511
511
337.634
255.579
511
511
511
511
511
511
511
511
511
511
511
303.91
106.539
511
511
511
104.11
511
511
511
511
122.366
511
180.502
511
511
511
181.333
83.9567
511
511
511
511
511
511
511
164.42
511
511
511
511
511
511
511
511
511
511
511
511
511
511
511
511
0
300.17
511
511
511
511
511
511
511
511
233.176
511
103.961
511
511
511
511
511
511
511
511
511
511
511
0
73.5959
112.525
511
511
511
511
511
511
511
511
511
511
511
127.335
511
230.748
511
511
511
511
511
290.962
216.068
511
511
511
511
511
511
511
511
511
114.659
511
511
271.316
80.342
511
511
511
511
511
511
511
511
511
511
511
511
511
511
511
343.156
511
511
169.285
83.4875
319.465
511
511
511
511
511
511
511
511
511
511
193.213
511
511
511
511
511
511
511
511
511
511
0
511
198.66
511
511
511
511
511
511
511
511
511
511
511
511
511
511
117.509
511
511
173.94
511
238.5
511
511
178.999
511
267.644
511
511
511
511
511
511
511
246.134
511
511
511
511
511
511
511
89.2171
124.412
511
511
511
511
238.042
240.98
511
511
322.797
80.8838
511
511
511
511
511
511
511
511
511
511
511
511
326.904
511
229.573
303.117
511
191.282
511
511
511
511
511
202.156
511
511
511
511
511
511
511
307.978
154.386
46.8836
511
511
511
511
511
511
511
511
511
232.603
511
511
296.792
511
511
511
511
511
511
511
511
511
511
511
511
151.493
511
186.802
511
511
511
511
511
511
511
511
511
511
130.993
511
511
511
511
511
107.98
511
511
511
243.74
511
327.054
511
511
511
511
511
511
511
511
511
511
511
207.531
511
511
511
511
511
198.161
511
293.706
511
142.056
189.57
511
511
511
511
511
511
511
511
511
511
511
511
511
511
203.766
97.3485
511
511
511
511
511
511
511
511
511
511
511
511
511
511
511
511
139.301
511
511
511
511
511
511
511
136.275
511
27.561
511
511
511
511
511
511
511
511
511
511
511
511
511
511
511
228.421
511
238.004
511
314.934
125.019
511
511
511
511
511
511
511
305.097
301.246
511
511
511
511
511
511
511
329.329
511
511
511
511
511
511
511
511
511
511
127.983
511
511
511
307.829
511
511
511
511
511
511
511
511
511
511
511
511
511
511
511
511
511
511
511
336.359
511
47.6965
269.875
511
511
511
240.808
511
511
511
152.258
165.508
511
511
511
169.922
511
511
511
511
511
69.4097
70.5677
511
511
76.4592
511
511
511
511
94.6286
261.311
511
511
511
511
358.584
195.967
511
511
511
511
511
280.853
365.084
511
511
183.384
191.145
511
511
511
511
511
283
511
284.426
511
511
511
511
511
511
511
511
231.196
90.7239
511
511
511
511
511
511
289.595
511
511
511
186.264
511
511
511
511
230.91
511
511
511
511
511
195.909
511
129.675
511
511
511
511
0
511
511
511
511
511
511
511
511
511
511
246.868
511
511
231.655
82.8606
511
511
203.652
246.126
511
511
215.49
511
511
511
298.07
511
511
511
511
103.592
511
511
511
511
511
270.302
511
511
511
511
254.046
161.848
511
511
511
511
511
511
154.472
511
511
340.431
511
511
305.216
511
511
511
511
511
0
264.905
338.71
511
511
511
511
511
511
511
229.003
511
511
511
252.849
511
511
511
511
511
511
182.006
511
511
511
511
511
511
511
511
322.718
511
511
64.1756
324.682
511
325.284
511
511
511
231.064
511
160.02
511
511
511
511
112.033
511
107.002
511
511
511
511
511
511
511
511
511
511
511
0
153.882
511
307.491
511
338.634
511
511
511
511
511
511
511
511
511
511
511
221.313
511
511
511
511
250.773
511
511
511
511
511
511
511
511
511
511
511
511
511
511
511
511
511
511
511
511
511
115.893
511
511
511
511
511
511
511
511
511
511
511
511
511
511
184.382
511
511
511
261.923
511
511
511
511
244.075
511
19.7674
274.897
269.985
511
198.838
229.07
511
98.4327
511
85.962
511
511
511
511
511
511
79.3773
511
511
511
219.37
511
511
511
511
511
511
511
511
511
511
511
511
511
511
511
511
193.998
511
147.505
511
217.599
511
189.496
511
68.8836
511
511
81.8154
511
511
511
305.508
511
511
511
511
511
511
511
511
511
511
511
511
511
181.47
259.079
178.127
511
511
511
511
180.879
511
192.025
511
511
511
511
511
511
155.303
175.614
511
511
511
511
511
511
511
511
511
511
511
511
511
310.402
217.668
511
511
511
511
511
511
248.991
511
511
511
511
511
511
78.5609
511
511
511
511
223.626
248.331
511
511
89.7585
511
87.3118
511
163.97
278.013
511
511
511
511
511
511
511
511
271.249
511
99.1854
511
511
511
511
511
319.192
511
511
511
150.577
511
511
120.205
117.343
511
511
511
511
3.99991
205.651
511
511
63.2775
345.478
511
191.611
511
511
511
511
511
511
511
138.048
511
511
511
511
112.936
511
511
511
511
511
511
511
511
511
511
511
511
511
511
511
511
511
511
511
300.653
511
511
511
511
511
511
202.744
511
511
511
511
511
511
511
511
75.9209
511
511
255.738
511
511
511
313.477
511
511
511
511
511
511
306.092
511
511
511
239.419
511
511
111.321
511
511
511
511
114.481
214.559
61.4341
511
98.5829
511
511
511
511
511
511
0
511
511
96.6979
511
511
511
58.1597
511
297.599
511
511
511
511
511
511
184.898
511
338.16
333.724
511
511
511
511
174.021
511
511
311.702
511
511
176.796
511
511
511
511
248.397
511
511
511
220.081
511
511
511
511
511
511
511
511
511
240.819
134.243
511
511
80.1155
511
511
511
511
511
511
511
50.7359
511
175.355
511
511
511
511
511
511
511
511
511
205.356
348.762
511
511
511
511
511
511
511
511
511
511
84.1416
161.312
511
511
511
511
511
511
511
511
511
73.1961
511
511
511
511
511
305.927
511
511
317.88
511
511
511
511
511
511
511
511
511
511
511
511
511
511
511
511
511
511
511
511
511
511
220.218
511
327.11
511
511
511
306.961
511
511
511
511
511
511
511
511
511
511
99.9677
511
511
511
511
511
511
511
511
511
511
511
511
511
511
511
511
214.364
511
229.225
511
511
305.027
511
511
511
511
255.651
511
511
511
511
511
511
511
511
285.625
511
511
511
511
291.664
116.158
511
511
294.061
218.301
260.211
511
511
511
511
511
511
76.4687
511
511
339.175
511
244.061
511
511
511
281.278
511
264.066
511
511
511
511
511
511
511
511
511
165.237
124.618
511
511
511
511
511
511
511
511
511
293.729
511
511
511
511
511
511
511
511
511
511
511
511
511
511
511
511
511
511
511
511
511
511
511
511
511
511
313.973
511
511
156.274
511
511
511
511
228.267
511
304.836
268.47
511
511
511
511
511
511
511
511
293.219
511
261.214
227.806
511
205.316
511
511
511
511
511
511
511
511
511
511
207.657
511
511
511
511
335.417
99.9751
511
511
307.352
511
511
511
511
114.805
511
289.758
379.98
511
511
511
511
511
511
511
511
511
511
511
511
511
511
254.812
511
153.833
511
364.422
511
80.0071
95.5526
511
511
511
511
511
511
511
511
511
511
511
511
212.368
511
511
220.096
0
511
337.726
511
284.579
511
511
511
337.654
283.407
511
511
511
83.4875
511
511
511
511
511
511
511
511
511
511
511
337.527
511
511
511
511
511
511
333.303
511
511
511
111.262
511
511
511
101.25
511
358.131
511
511
511
309.165
511
511
511
511
511
511
511
511
511
511
511
145.836
262.222
511
511
511
511
511
511
511
511
324.723
511
152.072
262.101
511
511
511
511
511
336.173
511
511
201.201
293.19
173.213
511
511
106.41
511
511
511
511
511
511
238.708
0
167.461
511
511
511
511
511
511
511
511
511
511
511
511
53.8864
189.804
129.915
243.948
511
511
511
186.982
511
511
511
270.824
511
249.988
511
511
511
511
73.8292
511
209.489
511
511
511
511
511
511
245.392
511
511
511
511
511
288.069
511
511
511
511
226.709
511
511
511
133.937
511
511
511
511
332.957
511
511
511
511
213.36
511
511
211.808
511
511
511
511
511
511
511
125.921
511
511
511
511
511
511
511
320.618
163.405
511
511
511
335.666
511
511
511
511
511
511
511
511
511
511
345.545
511
511
511
511
128.692
511
511
511
511
43.0236
511
511
511
269.001
306.749
511
511
511
511
511
511
511
511
511
511
277.928
511
304.703
511
511
511
511
166.759
511
511
38.6726
44.6459
511
310.3
511
511
511
511
511
511
511
511
511
157.492
511
223.489
511
193.246
511
511
511
511
511
511
136.453
77.3478
511
301.081
511
511
511
511
0
511
511
511
511
511
511
511
511
511
511
312.312
511
511
234.082
511
176.899
511
511
511
100.651
511
511
511
267.691
511
109.407
511
511
511
511
511
511
168.127
511
511
511
511
511
149.383
511
333.845
511
511
511
511
511
511
511
511
511
511
511
511
511
511
159.419
511
511
511
511
511
511
511
511
511
198.793
511
511
511
214.11
511
511
286.643
511
511
511
511
511
511
511
79.2022
511
511
511
511
511
511
313.294
511
511
511
275.653
511
511
511
511
511
511
511
264.665
511
511
511
331.151
511
511
511
511
511
211.795
511
511
511
511
511
511
511
511
511
511
511
106.491
108.173
511
511
511
162.475
511
511
511
511
105.901
178.978
511
511
511
322.277
511
173.137
63.4921
511
316.589
511
511
173.277
77.8724
511
511
320.56
511
511
511
511
511
511
511
511
511
511
511
511
511
511
511
511
511
256.486
511
511
511
511
511
511
511
511
511
51.0577
511
511
511
31.4991
511
511
161.26
511
511
239.329
511
511
511
511
323.968
511
511
511
511
511
137.446
511
511
511
511
511
511
291.126
511
511
511
511
511
511
511
511
511
87.6448
511
511
511
511
511
511
511
511
285.342
511
511
511
511
511
511
63.1513
511
511
511
277.718
511
511
511
86.0691
133.813
511
511
511
511
511
158.653
287.544
131.637
511
511
338.963
8.79352
511
511
511
511
162.615
511
511
511
511
278.32
511
511
377.391
511
511
511
511
511
275.086
299.407
511
511
511
511
511
511
511
511
147.073
511
511
245.879
217.479
511
511
511
511
511
511
511
511
511
145.969
511
511
511
231.313
2.69119
511
511
511
511
245.093
511
511
511
511
511
511
511
93.9362
511
511
511
511
299.776
511
511
511
511
511
511
511
511
511
511
235.869
511
511
511
511
511
269.065
57.7307
511
511
511
298.784
511
511
511
511
511
511
345.691
511
511
511
511
511
511
511
170.988
106.409
159.498
511
511
125.098
511
277.092
511
511
511
511
511
511
511
511
511
511
511
511
511
511
511
326.441
511
511
511
215.111
31.5556
511
345.235
168.237
511
511
320.155
511
511
511
511
511
511
511
216.603
231.44
511
102.127
511
511
511
511
511
511
511
511
511
511
511
511
511
511
511
511
511
511
511
511
511
511
223.734
511
511
57.0194
511
511
511
328.99
511
79.2077
141.418
511
511
182.306
511
511
511
135.544
511
511
511
511
119.414
511
511
511
62.5316
511
511
511
511
511
511
511
511
511
511
511
511
511
511
511
511
511
511
511
358.844
511
511
511
511
511
274.511
511
511
271.67
511
273.523
511
511
511
176.699
511
511
0
511
285.788
511
511
511
511
511
511
511
279.381
511
511
511
511
193.701
511
511
511
511
511
511
511
332.789
59.1565
132.909
112.994
511
172.253
511
511
511
511
511
511
511
511
511
511
511
511
511
511
511
511
511
511
511
86.9651
511
511
511
511
511
511
180.787
511
63.5076
511
511
511
229.757
511
155.549
511
511
511
511
511
511
511
511
511
511
511
511
511
511
511
511
511
511
511
511
511
511
305.182
511
511
511
511
511
325.265
511
511
511
511
511
47.3107
511
511
511
511
64.8505
511
511
511
511
511
511
511
313.944
511
511
45.5853
511
511
511
511
511
511
511
511
511
511
163.499
511
511
511
511
511
511
511
511
368.67
511
511
511
511
511
511
511
511
511
511
511
232.547
511
511
511
242.099
211.263
511
99.9621
511
511
511
511
511
113.455
511
511
511
511
140.445
511
511
511
511
511
511
511
329.237
511
511
511
511
511
511
511
511
511
511
511
511
511
511
511
154.191
511
511
511
341.161
511
511
80.5486
511
511
511
511
511
511
511
511
511
283.849
511
511
310.987
511
511
511
171.624
511
365.2
511
511
511
511
511
511
511
511
511
298.106
511
250.029
511
511
511
511
511
511
511
279.682
511
511
511
511
511
280.361
511
511
511
224.357
511
511
511
511
511
511
276.548
304.696
511
511
159.199
143.972
511
511
271.181
511
511
511
511
511
314.289
139.889
511
511
511
511
511
511
338.641
511
511
511
511
511
511
189.321
511
511
511
511
101.026
327.875
511
511
511
511
285.764
511
124.717
160.801
511
511
264.562
77.9482
511
189.968
511
511
511
141.856
511
511
312.186
152.57
511
511
511
511
511
511
511
511
93.6971
511
511
511
511
132.073
511
511
371.695
352.181
511
511
511
511
511
511
511
511
511
511
113.232
511
340.934
511
511
511
511
511
511
511
0
511
511
224.8
253.443
511
511
511
511
511
511
511
511
511
511
511
511
329.174
511
511
511
511
511
511
511
511
511
511
511
511
511
511
511
511
511
511
511
511
511
511
511
511
511
511
511
511
511
511
511
511
511
511
511
209.456
511
511
511
136.225
511
511
511
511
511
511
511
511
133.684
511
215.43
511
336.909
511
511
248.814
511
511
511
511
511
75.7762
511
511
511
511
138.786
511
511
511
511
511
511
511
511
327.916
511
511
511
511
511
511
511
511
511
511
511
511
511
511
511
511
511
511
511
241.555
511
108.127
511
316.655
511
225.854
511
511
511
511
511
511
511
309.835
511
511
511
178.048
511
511
511
511
511
511
511
511
511
511
511
511
511
511
511
511
511
511
511
511
511
511
511
511
511
511
208.068
511
80.2922
511
511
58.2031
511
511
511
511
511
511
511
511
335.723
275.684
264.208
220.25
511
511
162.216
511
511
511
248.792
511
511
511
511
511
511
55.1601
511
511
511
511
511
511
178.299
511
511
511
511
511
511
511
511
511
511
511
511
511
511
511
511
511
511
511
511
511
0
511
142.042
277.774
511
511
511
511
511
511
511
511
511
511
511
511
218.686
238.158
511
511
511
511
45.4909
511
511
511
511
511
511
200.006
511
97.8623
511
511
60.899
511
511
511
260.731
0
511
511
318.2
511
511
511
511
511
511
511
151.747
511
511
511
511
511
173.122
54.6172
235.577
511
511
511
511
511
511
186.734
511
511
511
511
511
511
300.614
511
284.18
511
511
511
511
511
511
323.352
511
511
511
511
511
111.756
511
247.895
511
511
511
511
511
511
511
177.587
511
511
511
511
511
511
511
511
511
47.2499
511
511
511
511
281.001
511
511
511
511
511
511
511
511
511
511
152.179
511
511
511
511
511
511
138.936
511
511
103.897
511
511
511
511
511
242.89
511
511
511
289.041
511
260.103
511
511
511
511
511
511
511
511
511
511
511
511
511
511
511
511
511
511
511
511
511
511
511
250.428
511
511
511
511
511
511
310.461
511
309.471
511
511
511
511
511
511
376.404
511
511
511
511
511
511
511
511
511
511
511
511
511
511
511
282.049
511
511
511
511
511
511
511
511
511
511
511
511
511
511
511
511
511
511
292.34
511
511
511
511
511
84.7604
511
261.951
511
511
511
177.84
511
511
233.414
163.158
511
296.533
45.9632
511
293.606
184.193
341.915
511
511
511
511
184.953
511
280.063
511
511
511
511
511
188.617
511
273.578
173.477
511
511
511
511
511
511
318.385
214.479
511
511
511
511
511
511
511
511
511
511
511
511
511
511
304.822
511
511
511
23.0383
511
511
511
511
511
511
511
511
511
511
511
511
511
511
511
511
511
511
511
511
511
511
511
511
231.636
0
150.277
511
511
511
222.421
511
511
321.329
511
511
511
511
511
511
511
120.887
511
511
332.704
321.47
511
257.657
511
511
301.031
511
511
511
511
238.49
511
511
511
511
511
121.712
511
511
511
511
511
511
240.94
168.907
307.932
511
511
79.8385
511
511
511
511
53.9996
511
511
327.806
511
511
301.941
224.407
511
511
511
217.248
511
311.502
203.053
511
511
511
511
511
511
511
511
511
511
511
511
511
511
511
511
105.807
511
511
511
511
511
511
511
75.2045
511
511
511
511
511
152.908
511
253.433
286.59
511
511
511
341.228
146.972
511
511
511
511
511
22.3352
297.482
511
135.183
511
511
511
511
511
511
511
333.936
511
511
511
511
511
511
511
511
511
511
511
511
511
511
511
511
511
223.303
511
511
511
511
511
292.369
334.142
149.613
511
511
301.929
511
511
326.827
218.358
511
95.2744
511
249.128
282.947
511
196.543
511
511
140.287
511
511
290.422
511
511
511
511
511
511
511
240.334
511
511
511
511
511
511
511
511
511
511
511
511
511
511
511
511
511
511
511
511
81.258
511
511
511
333.172
511
176.577
511
511
511
511
511
199.776
511
511
189.361
215.121
328.537
511
511
511
279.06
511
66.9221
511
511
511
511
511
511
511
511
511
511
511
511
511
193.512
511
334.646
511
98.8866
132.051
511
511
511
166.651
242.54
282.754
511
511
208.276
511
511
511
296.092
511
511
511
511
511
511
511
213.076
511
511
511
511
511
140.136
511
511
511
511
511
511
511
511
511
511
511
511
511
511
511
511
511
511
511
511
511
511
511
200.681
511
250.848
511
511
313.849
249.079
511
511
511
511
336.474
103.244
128.344
511
511
186.619
511
274.009
511
203.816
0
511
120.071
256.348
511
511
511
511
511
511
511
135.018
319.373
511
511
511
264.258
511
511
511
511
511
511
286.798
327.112
511
511
511
511
511
511
511
261.813
277.703
511
0
511
511
511
511
511
511
511
139.822
511
511
323.768
182.491
118.925
511
511
511
511
511
511
131.324
94.5679
140.743
511
511
511
511
72.356
511
135.748
285.022
511
511
228.643
511
511
511
120.791
511
135.561
511
511
269.846
511
511
511
511
511
511
511
511
511
511
511
75.3279
511
511
511
511
511
511
511
511
511
511
511
511
511
264.747
511
511
511
511
511
511
511
180.324
511
511
511
511
511
511
511
511
511
511
511
334.789
135.876
511
511
511
511
511
511
511
511
511
511
136.199
511
138.331
511
511
511
511
511
324.147
511
511
298.112
511
511
511
511
511
237.393
189.281
511
511
511
511
511
511
511
158.748
511
511
511
511
511
511
511
511
80.7236
511
511
511
511
511
511
511
511
511
511
166.471
97.9596
511
511
511
511
511
511
511
511
511
511
511
511
511
511
511
267.187
511
282.614
511
511
511
511
511
511
101.352
511
511
511
511
511
511
511
511
511
511
511
511
511
511
511
77.5351
511
511
511
254.755
511
511
132.929
511
511
511
511
511
511
511
511
511
511
178.434
102.218
511
511
511
511
511
511
511
511
511
511
45.66
511
511
511
511
75.2632
511
511
143.687
511
511
511
511
511
511
280.513
511
511
511
511
511
511
511
511
511
511
511
511
511
511
511
511
51.1913
511
511
511
511
511
511
212.895
511
511
511
511
511
511
511
511
511
148.268
511
511
511
169.478
511
511
511
511
511
217.12
511
511
511
511
511
511
511
97.2627
110.138
511
263.13
511
511
511
511
511
511
330.513
511
511
511
511
62.1667
511
511
511
511
511
511
511
294.342
511
511
511
405.196
266.599
511
511
511
511
511
511
511
511
511
511
511
511
511
511
511
511
511
122.126
322.265
511
511
511
511
511
511
245.056
89.3338
332.127
511
117.463
511
511
511
511
511
511
511
511
511
239.166
213.028
511
511
511
511
257.203
243.197
511
511
511
511
511
326.445
511
511
511
511
511
511
511
511
511
223.335
511
511
511
511
511
218.435
511
281.667
511
128.204
277.007
511
511
511
511
511
511
511
511
511
349.229
511
511
511
511
511
511
511
511
511
511
511
511
511
511
511
511
511
511
511
511
511
511
511
511
511
511
511
511
511
511
511
511
511
511
511
511
511
511
511
511
511
511
511
511
338.092
511
394.678
511
511
511
511
511
511
511
511
326.152
511
511
185.322
511
511
511
511
511
511
511
511
207.769
240.674
511
511
132.417
511
511
511
511
511
511
511
511
511
206.048
511
96.8636
511
511
511
153.913
511
511
511
218.596
511
511
63.4447
511
511
90.8253
511
511
511
511
511
511
511
511
511
511
511
511
511
511
511
511
511
511
313.292
260.877
511
511
511
511
511
126.364
511
56.8586
511
511
176.719
511
511
203.697
511
511
511
511
511
511
511
511
511
511
511
511
511
101.945
511
511
511
511
195.332
511
95.0715
511
511
511
511
511
511
511
511
511
511
511
511
271.671
511
511
511
511
511
511
279.159
511
212.176
511
76.0179
511
511
511
511
511
511
511
511
511
511
511
174.025
511
511
222.912
511
116.374
511
511
511
178.506
511
88.0777
0
511
511
40.6501
511
511
253.619
511
83.7768
262.246
511
511
511
248.344
511
511
116.894
511
511
511
511
511
300.001
511
511
212.977
126.028
296.788
511
511
511
511
511
511
511
221.351
511
511
511
511
284.204
511
511
70.241
511
511
511
511
511
327.715
511
511
511
511
511
511
511
511
511
511
76.8579
511
511
511
511
511
511
511
114.185
511
511
511
511
511
511
511
263.73
121.462
168.648
511
388.747
511
511
511
511
511
511
511
251.075
511
222.3
511
261.495
511
511
511
511
511
511
511
511
511
74.0014
511
0
269.77
322.049
511
511
511
323.523
511
511
511
511
300.243
511
511
511
240.789
511
511
511
126.701
511
511
241.959
511
511
511
511
511
511
511
511
511
511
151.136
511
511
154.039
42.6724
511
511
511
511
511
511
511
511
325.523
511
86.7373
511
511
511
511
511
511
511
276.605
511
511
511
511
511
511
511
511
511
511
511
97.3107
348.71
230.697
511
511
309.882
511
511
511
318.542
88.7796
511
511
149.182
511
511
291.246
511
511
98.6783
511
511
511
511
511
511
511
511
36.654
511
268.827
511
511
137.669
511
511
511
314.367
511
258.91
130.099
511
511
511
0
511
511
511
511
511
329.701
217.022
511
511
511
261.439
511
511
511
511
511
511
511
511
511
511
511
511
294.501
511
511
511
511
511
511
122.846
321.065
511
511
316.971
511
511
511
141.025
193.42
511
511
88.4092
511
511
511
511
511
218.412
511
143.768
511
511
511
511
511
511
511
0
511
511
511
511
511
511
511
511
511
511
511
511
179.163
511
511
511
0
511
308.595
511
511
511
78.694
511
511
129.829
511
511
511
291.932
185.772
80.1954
511
511
332.823
511
87.3113
203.533
511
317.163
0
511
511
511
286.496
511
511
511
511
511
188.645
511
511
511
511
90.8473
511
511
511
511
511
511
511
511
511
511
511
511
511
511
511
154.524
511
511
511
511
71.7009
235.163
309.331
511
511
511
300.636
148.864
511
293.948
511
511
511
511
511
94.4898
511
295.76
151.958
511
511
511
80.3938
511
511
229.484
511
53.0331
511
511
511
511
511
154.3
281.925
511
511
34.6413
511
511
511
511
511
511
511
511
262.173
251.481
511
511
511
321.514
511
511
511
179.767
285.712
101.194
511
511
511
511
511
511
102.738
511
511
511
511
511
167.246
511
290.732
326.704
511
511
511
511
219.026
511
511
0
511
511
511
511
511
511
511
64.4879
112.643
511
511
511
511
511
511
511
511
511
511
511
511
511
511
511
511
511
511
511
511
511
511
511
511
511
511
211.382
308.282
511
511
511
511
511
511
511
511
511
511
511
197.712
511
511
318.161
511
511
511
511
511
511
511
191.409
511
511
511
511
511
511
283.26
511
511
204.322
511
511
511
511
511
249.67
248.84
511
325.197
511
511
511
511
511
511
511
511
511
511
511
288.08
138.528
511
143.973
511
511
511
511
511
511
511
223.807
511
511
511
511
511
511
511
511
221.888
511
252.585
511
157.616
511
511
511
214.836
511
511
22.6623
511
511
511
511
511
170.114
511
511
297.845
150.866
511
511
511
511
511
511
511
511
511
511
511
511
511
511
179.603
511
511
67.2
511
511
511
511
511
511
511
511
511
511
511
511
511
511
511
511
511
511
511
50.2143
511
511
511
511
511
511
0
271.18
511
418.764
511
143.98
511
332.465
511
511
511
511
511
322.29
93.6103
511
511
511
511
511
511
511
511
511
511
127.502
296.358
177.15
273.105
162.972
511
63.5701
511
511
511
118.6
511
511
264.317
202.68
511
511
511
511
511
511
511
511
511
511
511
511
234.388
511
511
511
149.9
511
0
270.86
511
511
511
511
511
511
511
332.904
328.017
135.139
511
511
511
473.948
511
511
511
511
511
511
511
197.944
511
511
511
511
511
511
511
511
511
511
511
511
511
511
511
511
511
511
511
185.667
511
511
511
120.705
511
511
511
120.933
511
511
511
147.186
511
168.784
511
511
511
511
511
511
511
202.292
0
511
511
511
511
511
511
511
511
511
511
511
511
511
147.395
511
511
511
511
511
511
260.147
511
511
511
511
253.77
511
137.798
511
511
511
140.723
511
511
511
511
511
511
511
511
186.319
511
511
511
61.1168
511
154.751
511
511
225.839
511
511
511
511
511
511
511
511
511
511
511
511
274.033
511
511
511
317.267
511
511
511
130.703
260.213
511
511
511
511
511
301.12
511
511
0
511
25.583
511
110.206
511
254.176
511
511
511
511
511
268.907
511
511
511
511
511
511
312.051
511
511
511
511
511
511
511
511
0
210.769
333.927
511
511
47.4894
511
511
511
511
511
511
511
511
511
511
511
511
511
123.525
511
511
511
215.574
339.503
511
511
511
511
511
511
511
511
511
511
511
511
511
511
511
511
511
511
511
174.737
511
511
511
511
63.6948
511
511
511
511
511
511
511
97.958
511
511
511
511
511
339.203
511
277.968
511
511
511
511
511
511
511
511
302.274
511
511
511
227.731
511
511
511
511
329.908
511
511
511
511
52.4161
511
511
511
511
511
511
511
213.507
511
511
243.809
511
233.261
511
511
511
511
511
511
511
206.457
242.615
511
80.585
511
511
100.683
511
511
511
511
511
511
511
511
511
511
511
511
511
306.052
511
511
511
511
511
297.341
511
511
511
261.524
511
511
511
325.132
511
511
511
511
244.525
511
511
511
155.214
511
511
511
154.707
511
511
511
511
511
511
511
311.09
329.444
511
511
511
511
39.4273
229.259
511
511
511
511
511
511
511
231.091
313.066
511
511
511
511
511
511
511
96.0666
511
511
306.794
511
106.48
511
511
511
511
511
511
511
511
155.037
511
511
511
511
511
511
511
511
511
511
511
511
511
142.321
511
511
511
242.167
271.209
511
511
511
511
511
511
156.952
511
511
511
81.3672
511
511
511
245.081
333.01
511
511
304.73
256.366
511
170.907
245.698
511
511
511
511
511
511
511
511
511
511
511
511
511
511
511
511
213.006
511
511
264.924
511
511
511
511
177.223
511
511
511
511
511
511
511
511
511
125.164
511
511
511
511
511
511
511
511
511
511
511
511
511
511
511
511
511
511
511
511
223.681
511
281.998
124.959
511
511
511
511
511
511
511
511
511
511
511
511
511
511
511
511
511
511
511
511
511
511
102.453
511
511
511
511
511
511
511
511
511
511
511
511
511
511
511
511
511
511
136.637
511
511
511
127.146
511
511
511
323.512
511
511
511
511
511
511
200.424
511
511
511
511
243.96
511
511
511
511
511
511
511
511
511
511
511
511
511
511
511
511
511
511
511
511
511
511
511
511
72.5546
511
511
0
511
511
511
511
511
511
68.0004
511
511
511
511
511
511
511
511
511
511
511
511
511
361.084
511
511
511
511
311.71
0
511
286.853
270.351
132.685
511
511
511
511
511
511
325.979
511
511
511
155.93
282.453
347.654
511
511
511
511
511
511
511
92.6214
281.679
511
511
283.406
511
511
511
511
511
340.621
511
290.678
511
511
511
511
511
511
511
330.322
153.779
511
511
511
511
511
347.025
231.044
511
193.779
511
319.661
511
511
511
275.351
511
511
511
511
184.346
204.462
511
511
511
511
511
511
511
511
511
511
511
511
511
511
511
511
161.814
511
324.833
511
511
208.963
511
511
306.724
511
511
199.723
511
511
511
511
511
511
511
511
511
511
511
511
511
511
511
197.059
511
511
511
511
511
511
183.787
511
246.001
511
511
511
511
266.614
511
511
511
511
511
511
511
511
511
511
511
511
511
511
511
511
511
511
511
511
511
511
511
511
511
511
160.167
511
511
246.79
511
511
511
511
511
511
511
511
511
262.724
511
511
511
511
511
511
511
309.877
511
511
511
511
511
511
511
511
511
511
511
250.245
511
221.837
511
511
511
511
511
511
511
511
511
511
511
511
337.305
511
217.53
511
511
201.83
511
226.731
511
153.515
311.815
511
511
511
511
511
338.356
511
511
511
511
98.1679
511
511
511
511
511
511
511
511
511
511
511
511
511
511
511
511
511
511
511
511
511
511
511
333.993
511
511
511
511
416.27
89.1093
511
511
227.096
272.973
511
339.175
511
511
511
511
511
511
511
511
511
511
511
511
336.606
511
511
511
232.514
511
195.852
511
511
511
511
511
511
314.203
511
511
511
511
511
511
511
511
133.75
155.876
511
511
511
326.517
511
511
511
511
32.0694
327.469
511
511
511
511
511
511
122.267
511
511
511
511
511
511
29.2684
511
511
511
163.525
511
511
511
511
511
511
511
511
511
511
511
511
511
511
238.312
271.927
511
511
511
511
511
511
511
511
511
511
511
511
511
163.092
511
511
339.288
511
511
183.344
228.874
511
511
511
511
511
511
511
511
511
511
511
511
511
511
511
511
511
511
511
511
511
511
511
170.034
511
511
130.199
511
511
311.849
511
511
511
175.658
511
511
310.776
511
511
511
511
511
511
511
511
511
511
123.884
330.155
511
511
193.847
511
79.4287
511
511
511
511
511
511
511
511
511
511
511
511
79.3059
511
511
511
229.882
112.678
511
114.422
511
511
511
258.346
511
511
511
511
511
511
511
511
511
511
511
511
74.6656
511
511
511
148.424
511
511
511
511
511
511
511
511
511
340.76
511
511
511
511
511
511
163.27
511
511
511
511
511
190.625
180.941
511
511
511
511
511
511
511
511
511
511
511
511
511
511
511
511
511
511
511
511
511
511
511
299.529
511
511
511
511
325.864
511
326.33
146.384
511
40.1818
511
511
511
158.87
511
511
511
511
511
511
511
511
255.469
511
511
511
511
511
511
511
511
511
511
511
511
511
511
511
511
511
223.804
511
260.614
511
201.249
260.215
511
511
511
511
511
511
78.7498
511
511
511
511
511
303.856
511
359.971
511
511
511
511
511
511
511
511
511
511
511
511
511
511
130.037
511
511
511
290.92
511
511
511
511
511
511
511
511
267.88
511
511
110.582
123.769
511
511
511
222.11
511
511
330.967
511
511
511
511
331.445
511
511
511
511
511
511
511
210.388
511
511
511
511
511
338.91
511
511
511
511
147.295
511
511
511
511
511
511
511
160.69
511
511
163.529
511
511
511
511
511
511
511
511
511
511
511
156.748
511
511
511
511
511
511
511
511
142.435
511
511
511
511
95.2654
323.407
144.25
511
31.4804
511
511
130.896
511
91.6966
105.931
327.001
232.784
511
511
511
511
511
511
511
511
511
511
511
511
511
511
221.835
337.325
511
324.601
511
511
511
511
511
511
511
511
177.924
511
511
511
511
511
511
511
511
511
511
511
511
511
511
511
511
511
258.223
511
511
511
511
511
253.097
511
511
511
69.3422
511
511
511
511
511
511
511
511
511
511
511
511
511
511
511
511
511
511
218.304
511
511
511
511
511
511
511
177.789
222.923
511
111.436
511
511
511
511
511
511
511
511
511
511
511
511
511
289.294
511
511
511
511
511
130.712
511
144.28
203.133
176.348
511
511
511
511
511
511
511
511
511
511
511
511
511
112.698
511
511
306.661
511
511
511
511
511
511
511
511
511
511
511
511
511
123.907
511
511
511
511
511
135.684
511
511
511
511
511
511
511
511
511
375.239
511
201.331
511
96.8998
511
511
511
511
511
511
511
511
511
511
511
511
511
511
511
242.548
511
511
511
511
321.729
511
296.756
511
511
511
511
41.7676
342.482
511
511
511
511
511
511
511
511
157.119
215.791
76.0449
511
257.216
511
511
339.177
511
511
511
511
511
511
511
182.75
511
232.467
511
511
337.55
202.82
511
511
165.963
511
511
511
511
511
511
511
255.659
511
511
511
511
297.49
511
511
511
511
282.486
511
511
511
511
511
511
511
511
119.679
293.478
511
511
511
511
511
511
511
511
511
377.128
189.66
172.601
511
511
511
511
511
254.545
511
511
511
132.314
511
511
511
215
511
511
511
511
511
511
511
511
511
139.771
511
511
511
207.51
98.0942
511
511
511
511
511
325.731
152.007
511
511
511
284.606
511
511
511
511
511
511
511
511
511
511
511
511
511
511
511
511
511
511
511
511
511
119.947
511
511
511
511
341.786
317.403
511
322.295
511
511
211.95
118.86
511
511
256.362
511
511
511
46.5774
511
511
511
511
214.996
143.323
511
511
511
511
511
150.147
511
511
511
511
511
511
511
511
511
511
511
511
511
331.427
511
511
155.434
511
511
511
511
207.481
511
511
299.432
511
215.515
511
511
511
511
511
511
511
283.116
511
511
511
511
511
511
326.395
511
511
511
511
511
264.671
511
511
511
296.989
264.301
312.13
57.0121
511
511
511
326.661
511
511
511
511
95.6673
511
511
511
511
511
511
109.345
389.51
511
511
319.023
163.744
162.506
511
511
109.937
511
511
511
511
511
295.26
511
511
511
511
511
511
511
511
511
511
511
511
511
511
183.922
511
511
167.613
511
205.898
511
511
511
511
511
511
314.581
511
323.143
511
234.429
43.9757
511
511
511
511
511
511
511
511
511
511
511
511
511
511
511
511
511
48.6742
187.001
511
511
511
511
511
511
511
511
511
511
238.221
511
318.933
511
511
511
511
511
511
511
511
511
511
511
511
511
511
511
511
511
511
511
511
511
511
511
221.474
292.934
511
511
511
511
260.066
325.928
511
380.004
511
511
511
511
511
511
313.861
511
511
511
511
511
511
511
511
511
511
511
511
511
511
511
511
178.575
511
511
511
511
511
511
511
173.35
511
511
189.4
511
511
511
511
511
511
511
309.631
511
511
511
511
147.736
511
511
511
511
511
511
297.793
511
511
511
511
511
234.751
327.882
511
511
22.4269
511
511
511
180.867
511
0
511
511
511
511
511
511
115.384
511
203.046
161.524
511
283.554
511
511
511
511
511
511
311.283
511
511
511
511
511
511
511
11.7159
511
511
511
511
511
511
125.309
511
511
511
511
511
511
137.734
511
511
107.557
511
113.227
232.731
511
511
511
511
511
511
511
511
207.502
511
511
511
249.898
180.574
511
511
80.8178
511
319.353
511
511
511
511
511
511
511
511
511
511
330.672
511
511
134.089
511
511
511
511
511
224.713
511
511
511
511
511
511
511
511
77.8538
511
511
511
511
511
511
511
511
511
511
511
336.556
511
511
511
316.547
511
511
511
511
511
314.849
511
511
511
511
511
511
511
59.4485
511
511
511
511
511
511
222.561
511
511
511
511
511
111.836
511
181.067
282.861
511
511
511
511
177.862
511
511
511
511
511
511
511
511
511
62.7365
511
511
294.554
511
511
244.019
511
511
511
511
303.328
244.249
511
511
292.551
511
511
175.722
511
511
511
511
511
511
201.661
511
511
511
511
511
511
511
511
511
511
252.232
511
511
313.836
511
511
114.434
511
511
511
511
511
138.485
511
142.98
511
316.632
511
215.11
511
511
77.1613
511
511
511
511
511
511
511
511
511
511
68.358
16.5988
210.825
119.488
511
511
273.94
511
511
168.026
0
511
511
0
511
511
511
511
511
511
511
511
511
511
511
511
511
511
511
511
511
511
511
511
511
316.398
107.169
511
511
511
511
511
511
511
129.869
511
511
511
511
511
511
511
511
511
511
511
511
511
511
136.227
511
511
511
511
511
217.757
511
331.44
511
511
511
511
511
511
511
511
511
511
511
511
511
511
511
511
198.598
511
511
511
511
511
511
511
511
511
511
511
511
336.354
511
511
511
511
511
511
511
511
511
511
511
336.514
511
340.29
511
511
172.166
511
511
511
511
511
511
101.731
511
511
511
511
511
511
0
511
511
186.928
511
511
511
43.1369
511
511
511
511
511
511
511
511
511
511
511
173.32
511
90.3547
511
511
511
511
511
511
511
511
511
511
357.622
511
84.0198
301.213
511
511
154.515
511
20.059
324.909
511
511
511
511
239.335
511
292.278
511
511
225.591
511
251.669
252.574
511
0
192.213
511
314.932
511
511
511
511
511
314.889
511
511
511
511
142.238
511
511
511
511
511
297.349
89.4511
511
511
97.7564
511
511
511
511
511
511
511
511
511
511
511
511
511
511
146.442
511
511
511
511
511
199.222
511
511
511
208.215
511
511
511
511
304.478
211.86
300.729
511
511
196.569
511
511
511
511
511
61.4077
271.04
308.435
511
511
265.418
511
134.971
511
511
511
511
511
511
511
511
511
511
178.621
511
511
511
511
511
511
511
511
511
511
511
511
511
511
511
511
511
511
161.51
47.8651
511
218.278
511
511
511
511
511
315.906
511
287.763
511
511
511
272.68
511
511
63.4092
153.598
511
511
511
394.474
156.535
511
511
511
511
511
511
181.998
311.194
249.266
511
511
511
511
511
511
511
511
511
511
511
511
228.579
511
511
511
511
511
511
511
511
511
324.005
511
511
511
511
180.535
511
43.5092
511
511
511
511
511
511
511
511
511
511
72.1171
511
511
511
511
511
511
511
511
511
511
511
511
222.201
511
511
313.837
511
511
511
511
511
511
511
217.177
120.899
511
511
511
47.5534
511
511
511
511
168.871
511
511
338.521
511
511
511
511
511
511
511
511
511
309.471
511
511
511
511
511
511
511
511
131.405
511
511
110.213
511
511
511
511
511
511
511
511
511
511
511
511
511
511
511
511
511
511
511
511
511
511
354.146
511
511
511
511
511
511
511
82.611
511
511
67.3402
511
0
313.475
511
107.551
511
511
511
358.293
511
511
511
0
148.629
511
511
289.185
511
511
511
511
511
511
511
511
511
511
301.144
511
511
511
511
511
511
191.143
201.78
511
511
511
205.965
56.6125
193.067
511
511
77.8957
511
511
511
46.7097
511
232.926
511
511
511
511
511
336.572
511
511
511
511
0
511
511
295.461
333.43
511
511
511
511
511
511
511
325.318
511
511
511
511
274.776
511
511
511
511
511
511
332.303
511
511
375.175
511
511
511
511
511
511
238.023
281.255
194.82
511
331.851
511
511
511
511
511
511
511
190.867
511
511
511
511
511
511
511
135.724
511
511
511
305.078
293.988
511
507.002
511
511
511
511
511
511
511
511
511
511
511
511
511
511
511
511
511
166.77
511
511
511
511
511
511
74.9389
511
511
511
511
511
511
323.389
511
511
327.054
511
511
183.64
511
511
511
128.568
511
184.497
511
155.593
154.109
511
511
511
511
511
511
130.297
0
511
511
318.435
230.516
511
511
511
511
511
239.08
511
511
511
511
511
511
511
165.551
511
511
511
511
511
511
511
511
511
511
511
511
290.372
193.106
511
511
511
511
511
511
511
260.835
511
511
128.771
511
140.252
511
511
511
511
235.286
511
511
511
53.7992
511
511
511
511
511
301.799
511
511
511
511
511
511
511
511
511
172.239
258.735
511
511
145.633
511
511
511
511
511
511
511
511
261.244
511
511
511
511
511
511
511
511
511
164.279
511
511
230.226
511
317.13
511
511
511
511
511
511
511
511
85.9514
511
511
511
511
511
511
163.652
511
511
511
511
511
134.469
511
511
511
511
511
137.8
230.111
511
511
511
251.927
511
511
511
511
511
511
511
511
511
157.348
511
511
511
511
97.0768
511
511
511
511
511
214.65
511
511
511
84.9424
511
222.726
511
511
511
511
511
511
168.289
511
511
511
511
511
294.281
511
511
511
511
511
221.817
18.4442
141.057
114.548
91.4209
511
511
241.394
511
311.404
511
511
210.205
511
511
267.027
245.247
213.018
511
511
511
511
511
511
267.575
511
511
511
511
74.2316
511
511
511
511
511
155.234
511
511
511
511
511
511
184.227
511
511
85.9854
511
297.921
511
511
511
511
86.2726
275.281
511
511
511
511
511
192.933
511
511
79.6377
511
511
511
511
105.555
133.342
511
511
511
511
511
511
511
511
511
511
511
511
511
511
511
511
511
511
511
188.776
511
116.098
511
511
511
511
511
511
511
511
511
511
511
511
511
511
162.645
511
511
511
511
511
511
511
251.206
511
511
167.167
511
309.494
511
511
511
202.565
318.944
511
511
511
511
200.966
511
511
230.059
292.108
511
302.875
161.145
511
511
511
511
288.492
511
511
511
511
511
511
511
511
511
511
511
511
511
511
511
511
511
511
511
511
511
511
86.1507
511
511
143.251
511
511
511
511
511
106.996
207.73
511
511
511
511
511
511
511
511
511
511
511
511
511
316.741
511
511
511
511
511
511
511
511
511
511
329.025
511
116.737
511
249.47
511
511
511
0
511
511
511
511
194.067
511
511
511
511
511
233.12
511
511
511
511
511
511
320.171
337.943
511
511
511
511
102.605
511
511
511
511
511
511
511
104.525
511
511
511
511
511
511
511
295.513
98.9762
511
511
511
511
511
511
511
511
511
511
511
511
511
511
511
511
511
331.485
231.498
511
511
511
511
511
118.023
511
511
511
173.554
511
511
87.281
304.191
78.4714
82.2745
511
117.079
149.506
511
511
154.345
511
511
511
314.339
511
511
317.9
247.022
511
511
511
511
511
511
74.8649
297.894
511
511
511
339.305
511
511
511
511
511
511
511
511
511
0
511
511
511
511
511
511
511
511
177.815
511
511
511
511
511
242.678
511
511
218.1
328.11
339.269
511
511
511
511
511
231.312
511
511
511
250.239
511
511
511
511
511
511
511
511
511
511
511
511
511
511
511
511
511
511
511
511
511
511
511
511
511
511
511
511
511
132.964
511
511
511
254.574
511
511
511
511
511
511
76.0163
511
511
511
511
511
47.9492
511
34.2033
511
511
511
150.462
511
511
511
511
511
511
511
236.747
207.564
511
337.163
511
121.893
270.192
511
511
511
511
511
306.681
258.812
261.806
511
511
326.166
312.782
511
511
296.502
511
511
511
511
511
511
511
511
511
511
511
511
333.152
511
511
233.463
42.6308
511
317.296
511
86.7225
511
511
511
511
78.3884
330.327
511
511
511
511
251.612
511
511
511
511
511
511
316.269
511
511
511
193.79
511
511
194.008
511
511
511
511
511
302.99
511
511
511
511
511
511
511
511
293.079
190.633
511
511
511
511
511
